1574603581118,0.149418,29.91351351351351
1574903581118,0.147186,29.46666666666667
1575203581118,0.144906,29.010210210210214
1575503581118,0.15373699999999996,30.778178178178166
1575803581118,0.158274,31.686486486486487
1576103581118,0.166119,33.257057057057054
1576403581118,0.169895,34.01301301301301
1576703581118,0.16657600000000003,33.34854854854856
1577003581118,0.16456199999999999,32.945345345345345
1577303581118,0.172079,34.45025025025025
1577603581118,0.173743,34.78338338338339
1577903581118,0.16749,33.531531531531535
1578203581118,0.15341000000000002,30.712712712712715
1578503581118,0.156435,31.318318318318315
1578803581118,0.15486999999999998,31.005005005005
1579103581118,0.154771,30.98518518518518
1579403581118,0.15457200000000001,30.94534534534535
1579703581118,0.152033,30.437037037037033
1580003581118,0.15299600000000002,30.629829829829834
1580303581118,0.158961,31.824024024024023
1580603581118,0.164107,32.85425425425426
1580903581118,0.15777800000000006,31.587187187187197
1581203581118,0.158247,31.681081081081082
1581503581118,0.160622,32.15655655655655
1581803581118,0.147413,29.51211211211211
1582103581118,0.159519,31.935735735735733
1582403581118,0.148636,29.756956956956955
1582703581118,0.15729100000000004,31.489689689689698
1583003581118,0.14678799999999997,29.38698698698698
1583303581118,0.108818,21.785385385385386
1583603581118,0.11025999999999998,22.074074074074073
1583903581118,0.118239,23.67147147147147
1584203581118,0.13071,26.168168168168165
1584503581118,0.12076700000000001,24.17757757757758
1584803581118,0.09967799999999999,19.955555555555556
1585103581118,0.114934,23.00980980980981
1585403581118,0.12220700000000001,24.46586586586587
1585703581118,0.128607,25.74714714714715
1586003581118,0.12779400000000002,25.58438438438439
1586303581118,0.127955,25.61661661661662
1586603581118,0.12656699999999999,25.338738738738737
1586903581118,0.09958069999999998,19.936076076076073
1587203581118,0.093947,18.808208208208207
1587503581118,0.116296,23.28248248248248
1587803581118,0.15666199999999997,31.363763763763757
1588103581118,0.17183900000000002,34.402202202202204
1588403581118,0.16394,32.82082082082082
1588703581118,0.131322,26.29069069069069
1589003581118,0.185254,37.08788788788789
1589303581118,0.17913199999999999,35.862262262262256
1589603581118,0.17382400000000003,34.79959959959961
1589903581118,0.17015,34.06406406406406
1590203581118,0.168526,33.73893893893894
1590503581118,0.17877400000000002,35.79059059059059
1590803581118,0.19101900000000002,38.242042042042044
1591103581118,0.193649,38.76856856856857
1591403581118,0.171397,34.31371371371371
1591703581118,0.179554,35.94674674674675
1592003581118,0.174258,34.88648648648648
1592303581118,0.18946600000000002,37.93113113113114
1592603581118,0.190445,38.127127127127125
1592903581118,0.19339399999999998,38.717517517517514
1593203581118,0.18440400000000004,36.91771771771772
1593503581118,0.17642999999999998,35.321321321321314
1593803581118,0.18389200000000003,36.81521521521522
1594103581118,0.18310200000000001,36.65705705705706
1594403581118,0.175377,35.110510510510515
1594703581118,0.186269,37.29109109109109
1595003581118,0.19212900000000002,38.46426426426427
1595303581118,0.1804,36.11611611611612
1595603581118,0.191242,38.286686686686686
1595903581118,0.195572,39.15355355355356
1596203581118,0.18535200000000002,37.107507507507506
1596503581118,0.18805000000000002,37.64764764764765
1596803581118,0.18733400000000003,37.504304304304306
1597103581118,0.188313,37.700300300300306
1597403581118,0.183452,36.727127127127126
1597703581118,0.174099,34.85465465465465
1598003581118,0.17273899999999998,34.58238238238238
1598303581118,0.176142,35.263663663663664
1598603581118,0.17846000000000004,35.72772772772774
1598903581118,0.18529099999999998,37.095295295295294
1599203581118,0.18854100000000001,37.74594594594595
1599503581118,0.17497500000000002,35.030030030030034
1599803581118,0.17330299999999998,34.695295295295296
1600103581118,0.17208700000000005,34.45185185185186
1600403581118,0.176157,35.266666666666666
1600703581118,0.19028599999999998,38.09529529529529
1601003581118,0.16579000000000002,33.191191191191194
1601303581118,0.164292,32.89129129129129
1601603581118,0.15434800000000004,30.90050050050051
1601903581118,0.150462,30.122522522522527
1602203581118,0.15786500000000003,31.604604604604614
1602503581118,0.14553000000000002,29.135135135135137
1602803581118,0.16172200000000003,32.37677677677679
1603103581118,0.17921600000000001,35.87907907907908
1603403581118,0.19934600000000002,39.90910910910912
1603703581118,0.204061,40.85305305305305
1604003581118,0.19801799999999997,39.643243243243234
1604303581118,0.20767200000000002,41.57597597597598
1604603581118,0.19857370000000002,39.754494494494494
1604903581118,0.19656700000000002,39.35275275275276
1605203581118,0.21032800000000001,42.10770770770771
1605503581118,0.20918499999999998,41.87887887887888
1605803581118,0.195875,39.21421421421421
1606103581118,0.20346599999999998,40.73393393393393
1606403581118,0.218586,43.76096096096096
1606703581118,0.221337,44.311711711711716
1607003581118,0.21143599999999996,42.329529529529516
1607303581118,0.2123706,42.51663663663663
1607603581118,0.19873050000000006,39.7858858858859
1607903581118,0.21210579999999998,42.46362362362362
1608203581118,0.2119916,42.44076076076076
1608503581118,0.21481809999999996,43.00662662662662
1608803581118,0.20904700000000004,41.851251251251256
1609103581118,0.19970700000000002,39.98138138138139
1609403581118,0.194002,38.83923923923924
1609703581118,0.180922,36.22062062062062
1610003581118,0.18179400000000004,36.3951951951952
1610303581118,0.26525699999999997,53.104504504504504
1610603581118,0.25992,52.03603603603604
1610903581118,0.24125,48.2982982982983
1611203581118,0.252872,50.62502502502502
1611503581118,0.236985,47.44444444444444
1611803581118,0.250269,50.10390390390391
1612103581118,0.238779,47.8036036036036
1612403581118,0.250089,50.06786786786787
1612703581118,0.278749,55.805605605605614
1613003581118,0.221839,44.41221221221222
1613303581118,0.147597,29.54894894894895
1613603581118,0.13947900000000002,27.923723723723725
1613903581118,0.16333350000000002,32.699399399399404
1614203581118,0.1597096,31.973893893893894
1614503581118,0.14933329999999997,29.896556556556554
1614803581118,0.162495,32.531531531531535
1615103581118,0.16411399999999998,32.85565565565565
1615403581118,0.1602419,32.08046046046046
1615703581118,0.1691598,33.86582582582582
1616003581118,0.1769844,35.432312312312305
1616303581118,0.15962359999999998,31.956676676676672
1616603581118,0.15069770000000002,30.169709709709714
1616903581118,0.1769177,35.41895895895896
1617203581118,0.1578297,31.597537537537534
1617503581118,0.1704067,34.115455455455454
1617803581118,0.16916069999999997,33.866006006006
1618103581118,0.1702307,34.08022022022023
1618403581118,0.17541869999999998,35.11885885885885
1618703581118,0.1788546,35.80672672672673
1619003581118,0.1733847,34.71165165165166
1619303581118,0.16328269999999998,32.68922922922922
1619603581118,0.1706357,34.1613013013013
1619903581118,0.18393770000000004,36.82436436436437
1620203581118,0.19409069999999998,38.85699699699699
1620503581118,0.1865567,37.34868868868869
1620803581118,0.150026,30.035235235235234
1621103581118,0.18571699999999997,37.180580580580575
1621403581118,0.172672,34.56896896896897
1621703581118,0.165466,33.12632632632633
1622003581118,0.150734,30.176976976976977
1622303581118,0.154276,30.886086086086085
1622603581118,0.151886,30.407607607607606
1622903581118,0.15415700000000002,30.862262262262263
1623203581118,0.16532400000000003,33.0978978978979
1623503581118,0.18698599999999999,37.434634634634634
1623803581118,0.2073499,41.51149149149149
1624103581118,0.20093859999999997,40.22794794794794
1624403581118,0.23217159999999998,46.4808008008008
1624703581118,0.1996459,39.969149149149146
1625003581118,0.1761826,35.27179179179179
1625303581118,0.18513900000000005,37.06486486486488
1625603581118,0.1953199,39.10308308308308
1625903581118,0.2032559,40.69187187187187
1626203581118,0.19469969999999998,38.978918918918914
1626503581118,0.21465359999999997,42.97369369369369
1626803581118,0.24188649999999998,48.42572572572572
1627103581118,0.23350039999999997,46.74682682682682
1627403581118,0.22181730000000002,44.40786786786787
1627703581118,0.215446,43.13233233233233
1628003581118,0.2159941,43.24206206206206
1628303581118,0.21546930000000003,43.136996996997
1628603581118,0.17775529999999998,35.58664664664664
1628903581118,0.1776968,35.57493493493493
1629203581118,0.18773179999999998,37.583943943943936
1629503581118,0.2095028,41.9425025025025
1629803581118,0.19870539999999998,39.780860860860855
1630103581118,0.0,0.0
1630403581118,0.1893729,37.9124924924925
1630703581118,0.20524140000000002,41.08936936936937
1631003581118,0.20123139999999998,40.28656656656656
1631303581118,0.20623629999999996,41.28854854854854
1631603581118,0.192189,38.47627627627628
1631903581118,0.1895328,37.94450450450451
1632203581118,0.19844099999999998,39.72792792792792
1632503581118,0.1875671,37.55097097097097
1632803581118,0.18592499999999998,37.222222222222214
1633103581118,0.18292939999999996,36.6225025025025
1633403581118,0.1818926,36.414934934934934
1633703581118,0.1817604,36.38846846846847
1634003581118,0.1726956,34.5736936936937
1634303581118,0.19123149999999997,38.28458458458458
1634603581118,0.22278560000000003,44.601721721721724
1634903581118,0.21960129999999997,43.96422422422422
1635203581118,0.23047929999999997,46.142002002001995
1635503581118,0.2305835,46.162862862862866
1635803581118,0.24310109999999996,48.66888888888888
1636103581118,0.2250935,45.06376376376377
1636403581118,0.21492109999999998,43.02724724724724
1636703581118,0.2258278,45.21077077077077
1637003581118,0.20761659999999998,41.56488488488488
1637303581118,0.20890319999999998,41.82246246246246
1637603581118,0.1993127,39.90244244244244
1637903581118,0.19282980000000002,38.60456456456457
1638203581118,0.2086411,41.769989989989995
1638503581118,0.1912726,38.29281281281281
1638803581118,0.1958058,39.20036036036036
1639103581118,0.2006753,40.175235235235235
1639403581118,0.19097290000000003,38.23281281281282
1639703581118,0.202101,40.460660660660665
1640003581118,0.203311,40.7029029029029
1640303581118,0.214795,43.002002002002
1640603581118,0.20151400000000003,40.34314314314315
1640903581118,0.162567,32.545945945945945
1641203581118,0.18407600000000002,36.85205205205205
1641503581118,0.18093499999999996,36.223223223223215
1641803581118,0.17486300000000002,35.00760760760761
1642103581118,0.17109199999999997,34.25265265265265
1642403581118,0.16261699999999998,32.55595595595595
1642703581118,0.15736699999999998,31.5049049049049
1643003581118,0.164796,32.99219219219219
1643303581118,0.15869199999999997,31.770170170170164
1643603581118,0.15709899999999996,31.451251251251243
1643903581118,0.161483,32.328928928928924
1644203581118,0.13187800000000002,26.402002002002007
1644503581118,0.15886999999999998,31.805805805805804
1644803581118,0.15937099999999998,31.9061061061061
1645103581118,0.12424700000000001,24.874274274274278
1645403581118,0.13032200000000002,26.09049049049049
1645703581118,0.128361,25.6978978978979
1646003581118,0.14083400000000001,28.194994994995
1646303581118,0.14201200000000003,28.43083083083084
1646603581118,0.15315600000000001,30.661861861861865
1646903581118,0.165528,33.13873873873874
1647203581118,0.15710900000000003,31.453253253253262
1647503581118,0.16448400000000002,32.929729729729736
1647803581118,0.17312799999999998,34.66026026026026
1648103581118,0.163486,32.72992992992993
1648403581118,0.156945,31.42042042042042
1648703581118,0.15608,31.247247247247245
1649003581118,0.154573,30.945545545545546
1649303581118,0.154713,30.97357357357357
1649603581118,0.158309,31.693493493493495
1649903581118,0.16742400000000002,33.51831831831832
1650203581118,0.15982900000000003,31.997797797797805
1650503581118,0.16143200000000005,32.31871871871873
1650803581118,0.15990600000000002,32.01321321321321
1651103581118,0.155431,31.117317317317323
1651403581118,0.15067000000000003,30.16416416416417
1651703581118,0.15749400000000002,31.530330330330337
1652003581118,0.14755400000000002,29.540340340340343
1652303581118,0.15202400000000002,30.435235235235243
1652603581118,0.14758200000000002,29.545945945945952
1652903581118,0.14092000000000002,28.21221221221222
1653203581118,0.137542,27.535935935935935
1653503581118,0.134272,26.881281281281282
1653803581118,0.13505,27.037037037037038
1654103581118,0.13936,27.899899899899903
1654403581118,0.142766,28.581781781781785
1654703581118,0.149552,29.940340340340338
1655003581118,0.141898,28.408008008008007
1655303581118,0.12988,26.002002002002
1655603581118,0.138152,27.658058058058053
1655903581118,0.14774199999999998,29.577977977977977
1656203581118,0.147112,29.451851851851853
1656503581118,0.14244800000000002,28.518118118118124
1656803581118,0.141245,28.27727727727728
1657103581118,0.132782,26.582982982982983
1657403581118,0.132422,26.510910910910912
1657703581118,0.13260400000000003,26.547347347347355
1658003581118,0.131758,26.377977977977974
1658303581118,0.132142,26.454854854854858
1658603581118,0.14841400000000002,29.712512512512518
1658903581118,0.146334,29.296096096096097
1659203581118,0.14751,29.53153153153153
1659503581118,0.14136200000000002,28.300700700700705
1659803581118,0.138464,27.72052052052052
1660103581118,0.15317,30.664664664664663
1660403581118,0.16627200000000003,33.28768768768769
1660703581118,0.155654,31.16196196196196
1661003581118,0.15035099999999998,30.100300300300297
1661303581118,0.144784,28.985785785785783
1661603581118,0.143247,28.67807807807808
1661903581118,0.144248,28.878478478478474
1662203581118,0.148548,29.739339339339345
1662503581118,0.141071,28.242442442442446
1662803581118,0.145543,29.13773773773774
1663103581118,0.151309,30.292092092092094
1663403581118,0.143115,28.65165165165165
1663703581118,0.143308,28.69029029029029
1664003581118,0.14347500000000002,28.723723723723726
1664303581118,0.142004,28.429229229229225
1664603581118,0.16810100000000003,33.65385385385386
1664903581118,0.169035,33.84084084084084
1665203581118,0.164176,32.86806806806807
1665503581118,0.164052,32.84324324324324
1665803581118,0.16727200000000003,33.487887887887894
1666103581118,0.15709399999999998,31.450250250250246
1666403581118,0.15036500000000003,30.103103103103106
1666703581118,0.138296,27.686886886886885
1667003581118,0.13804400000000003,27.63643643643644
1667303581118,0.15129900000000002,30.290090090090093
1667603581118,0.158454,31.722522522522524
1667903581118,0.14853700000000003,29.737137137137143
1668203581118,0.150425,30.115115115115117
1668503581118,0.154584,30.94774774774775
1668803581118,0.15565600000000002,31.162362362362366
1669103581118,0.16520100000000001,33.07327327327327
1669403581118,0.16329000000000002,32.690690690690694
1669703581118,0.17414600000000002,34.864064064064074
1670003581118,0.157927,31.61701701701702
1670303581118,0.13894000000000004,27.815815815815824
1670603581118,0.13912,27.85185185185185
1670903581118,0.144194,28.867667667667668
1671203581118,0.14752900000000002,29.53533533533534
1671503581118,0.133686,26.763963963963967
1671803581118,0.134258,26.878478478478474
1672103581118,0.13495400000000002,27.017817817817825
1672403581118,0.14504,29.037037037037038
1672703581118,0.15088400000000002,30.207007007007007
1673003581118,0.15941499999999997,31.91491491491491
1673303581118,0.16970100000000002,33.97417417417417
1673603581118,0.16901600000000003,33.83703703703704
1673903581118,0.166834,33.4002002002002
1674203581118,0.16389,32.810810810810814
1674503581118,0.13950400000000002,27.92872872872873
1674803581118,0.13463100000000003,26.95315315315316
1675103581118,0.142094,28.447247247247248
1675403581118,0.139255,27.878878878878876
1675703581118,0.16028499999999998,32.089089089089086
1676003581118,0.16492799999999996,33.01861861861861
1676303581118,0.16192200000000004,32.41681681681683
1676603581118,0.156679,31.36716716716717
1676903581118,0.15268400000000004,30.567367367367375
1677203581118,0.157387,31.50890890890891
1677503581118,0.153954,30.821621621621624
1677803581118,0.14947699999999997,29.925325325325318
1678103581118,0.165545,33.14214214214214
1678403581118,0.17286800000000002,34.60820820820821
1678703581118,0.157341,31.4996996996997
1679003581118,0.155369,31.104904904904906
1679303581118,0.16595999999999997,33.225225225225216
1679603581118,0.147924,29.614414414414412
1679903581118,0.135491,27.125325325325328
1680203581118,0.134743,26.97557557557558
1680503581118,0.13541899999999996,27.110910910910903
1680803581118,0.13658199999999998,27.343743743743744
1681103581118,0.147014,29.432232232232238
1681403581118,0.138939,27.81561561561562
1681703581118,0.139605,27.94894894894895
1682003581118,0.15175899999999998,30.382182182182177
1682303581118,0.15054399999999996,30.13893893893893
1682603581118,0.13932,27.89189189189189
1682903581118,0.156525,31.336336336336334
1683203581118,0.146693,29.367967967967967
1683503581118,0.17726600000000003,35.4886886886887
1683803581118,0.20476250000000004,40.993493493493496
1684103581118,0.20904970000000003,41.8517917917918
1684403581118,0.20558700000000002,41.15855855855856
1684703581118,0.2097833,41.99865865865866
1685003581118,0.18955639999999999,37.949229229229225
1685303581118,0.1746933,34.97363363363363
1685603581118,0.1685944,33.75263263263263
1685903581118,0.1688903,33.811871871871865
1686203581118,0.1743454,34.90398398398399
1686503581118,0.17534329999999998,35.103763763763766
1686803581118,0.17508039999999997,35.05113113113112
1687103581118,0.1731103,34.656716716716716
1687403581118,0.1718734,34.40908908908909
1687703581118,0.1756283,35.160820820820824
1688003581118,0.16842540000000006,33.71879879879881
1688303581118,0.16720829999999998,33.47513513513513
1688603581118,0.16791140000000002,33.615895895895896
1688903581118,0.17873719999999998,35.78322322322322
1689203581118,0.17552739999999997,35.140620620620616
1689503581118,0.17877129999999997,35.79005005005004
1689803581118,0.1705973,34.153613613613615
1690103581118,0.16389730000000002,32.812272272272274
1690403581118,0.16321339999999998,32.67535535535535
1690703581118,0.1655112,33.135375375375375
1691003581118,0.1717964,34.39367367367367
1691303581118,0.17601529999999999,35.23829829829829
1691603581118,0.18380370000000001,36.797537537537536
1691903581118,0.17761930000000004,35.55941941941943
1692203581118,0.17431440000000004,34.89777777777778
1692503581118,0.1782933,35.69435435435435
1692803581118,0.1800414,36.04432432432432
1693103581118,0.17317020000000002,34.668708708708714
1693403581118,0.16967940000000004,33.96984984984986
1693703581118,0.17480120000000002,34.99523523523524
1694003581118,0.18464139999999996,36.965245245245235
1694303581118,0.2322793,46.50236236236236
1694603581118,0.2666784,53.38906906906906
1694903581118,0.2687113,53.79605605605605
1695203581118,0.27248140000000004,54.55083083083084
1695503581118,0.17607330000000002,35.24990990990992
1695803581118,0.1515534,30.34102102102102
1696103581118,0.1602963,32.09135135135135
1696403581118,0.17547039999999997,35.12920920920921
1696703581118,0.17920229999999998,35.87633633633634
1697003581118,0.1783784,35.71139139139139
1697303581118,0.17237929999999999,34.51037037037037
1697603581118,0.1789524,35.82630630630631
1697903581118,0.1742053,34.875935935935935
1698203581118,0.18377540000000003,36.79187187187188
1698503581118,0.19287129999999997,38.61287287287286
1698803581118,0.19633740000000005,39.306786786786795
1699103581118,0.19958630000000002,39.95721721721722
1699403581118,0.2004354,40.12720720720721
1699703581118,0.1958743,39.21407407407408
1700003581118,0.1856694,37.17105105105105
1700303581118,0.18540530000000002,37.118178178178184
1700603581118,0.1799684,36.029709709709714
1700903581118,0.19102629999999998,38.243503503503504
1701203581118,0.18817240000000002,37.67215215215216
1701503581118,0.1875733,37.55221221221221
1701803581118,0.1772984,35.49517517517518
1702103581118,0.1772493,35.485345345345344
1702403581118,0.17690840000000005,35.417097097097106
1702703581118,0.1768453,35.40446446446447
1703003581118,0.15646440000000003,31.324204204204207
1703303581118,0.1596553,31.963023023023023
1703603581118,0.1624264,32.5177977977978
1703903581118,0.1673213,33.49775775775775
1704203581118,0.1578734,31.606286286286284
1704503581118,0.1590513,31.842102102102103
1704803581118,0.1574394,31.5193993993994
1705103581118,0.1580233,31.636296296296294
1705403581118,0.1540824,30.847327327327328
1705703581118,0.14247929999999998,28.524384384384376
1706003581118,0.1576124,31.554034034034036
1706303581118,0.1571363,31.45871871871872
1706603581118,0.1627293,32.57843843843844
1706903581118,0.16239830000000002,32.51217217217218
1707203581118,0.15822239999999999,31.676156156156154
1707503581118,0.15895830000000002,31.82348348348349
1707803581118,0.1568324,31.397877877877878
1708103581118,0.180971,36.230430430430424
1708403581118,0.1790523,35.84630630630631
1708703581118,0.17349219999999999,34.73317317317317
1709003581118,0.173788,34.792392392392394
1709303581118,0.18183820000000003,36.40404404404405
1709603581118,0.18462830000000002,36.962622622622625
1709903581118,0.1621882,32.47011011011011
1710203581118,0.1721473,34.46392392392392
1710503581118,0.17634109999999997,35.303523523523516
1710803581118,0.1772162,35.47871871871872
1711103581118,0.1600882,32.04968968968969
1711403581118,0.16675330000000002,33.384044044044046
1711703581118,0.1738632,34.80744744744745
1712003581118,0.18487530000000005,37.01207207207208
1712303581118,0.17762920000000001,35.561401401401405
1712603581118,0.1718703,34.40846846846847
1712903581118,0.17376319999999995,34.78742742742742
1713203581118,0.1731393,34.66252252252252
1713503581118,0.16656920000000003,33.347187187187195
1713803581118,0.1671173,33.45691691691692
1714103581118,0.16789120000000002,33.61185185185185
1714403581118,0.17388530000000002,34.81187187187187
1714703581118,0.16813319999999998,33.66030030030029
1715003581118,0.16758520000000002,33.550590590590595
1715303581118,0.17594610000000002,35.224444444444444
1715603581118,0.17800230000000003,35.636096096096104
1715903581118,0.18639320000000004,37.315955955955964
1716203581118,0.17988920000000003,36.01385385385386
1716503581118,0.1711892,34.27211211211211
1716803581118,0.1858123,37.19965965965966
1717103581118,0.18388420000000003,36.81365365365366
1717403581118,0.1808613,36.20846846846847
1717703581118,0.1706772,34.16960960960961
1718003581118,0.16996729999999996,34.02748748748748
1718303581118,0.1701992,34.07391391391391
1718603581118,0.17221530000000002,34.477537537537536
1718903581118,0.17161619999999997,34.35759759759759
1719203581118,0.1705103,34.136196196196195
1719503581118,0.1780992,35.6554954954955
1719803581118,0.1703382,34.10174174174174
1720103581118,0.1791262,35.861101101101106
1720403581118,0.1706663,34.16742742742743
1720703581118,0.17943920000000005,35.92376376376377
1721003581118,0.1810153,36.2392992992993
1721303581118,0.1459902,29.227267267267266
1721603581118,0.1825973,36.55601601601602
1721903581118,0.17356120000000003,34.746986986987
1722203581118,0.18125019999999997,36.286326326326325
1722503581118,0.1816492,36.36620620620621
1722803581118,0.17741319999999997,35.51815815815815
1723103581118,0.1870782,37.453093093093095
1723403581118,0.1933442,38.70754754754754
1723703581118,0.1772292,35.481321321321325
1724003581118,0.1801372,36.063503503503505
1724303581118,0.18083019999999997,36.202242242242235
1724603581118,0.17275819999999997,34.586226226226216
1724903581118,0.1719532,34.42506506506506
1725203581118,0.17387120000000003,34.80904904904906
1725503581118,0.1870322,37.443883883883885
1725803581118,0.1773802,35.51155155155155
1726103581118,0.18978810000000002,37.99561561561562
1726403581118,0.1784752,35.73077077077077
1726703581118,0.1725761,34.549769769769775
1727003581118,0.17252009999999998,34.538558558558556
1727303581118,0.16443,32.91891891891892
1727603581118,0.2399792,48.043883883883886
1727903581118,0.24555000000000002,49.15915915915916
1728203581118,0.25830309999999995,51.71233233233232
1728503581118,0.2616971,52.39181181181182
1728803581118,0.2528592,50.62246246246246
1729103581118,0.18406409999999998,36.849669669669666
1729403581118,0.1763991,35.31513513513514
1729703581118,0.18523509999999999,37.0841041041041
1730003581118,0.174344,34.903703703703705
1730303581118,0.1661861,33.27049049049049
1730603581118,0.17455720000000002,34.94638638638639
1730903581118,0.1832829,36.69327327327328
1731203581118,0.22582010000000002,45.20922922922924
1731503581118,0.26010099999999997,52.07227227227227
1731803581118,0.2598362,52.019259259259265
1732103581118,0.23642710000000003,47.33275275275276
1732403581118,0.16708409999999999,33.450270270270266
1732703581118,0.167826,33.5987987987988
1733003581118,0.1811812,36.27251251251251
1733303581118,0.19076709999999997,38.191611611611606
1733603581118,0.17047920000000003,34.12996996996998
1733903581118,0.16722410000000001,33.478298298298306
1734203581118,0.1678221,33.59801801801802
1734503581118,0.1814481,36.325945945945946
1734803581118,0.17230519999999996,34.495535535535524
1735103581118,0.1710921,34.252672672672674
1735403581118,0.16996819999999999,34.027667667667664
1735703581118,0.1720751,34.44946946946948
1736003581118,0.17982619999999996,36.00124124124123
1736303581118,0.1811381,36.263883883883885
1736603581118,0.17119610000000002,34.2734934934935
1736903581118,0.1696181,33.957577577577574
1737203581118,0.14829820000000002,29.689329329329333
1737503581118,0.1434409,28.7168968968969
1737803581118,0.1757492,35.18502502502503
1738103581118,0.1820551,36.44746746746746
1738403581118,0.1874912,37.535775775775775
1738703581118,0.18587410000000004,37.21203203203204
1739003581118,0.18631319999999996,37.29993993993993
1739303581118,0.19534509999999997,39.10812812812812
1739603581118,0.18094519999999997,36.225265265265264
1739903581118,0.18187009999999998,36.410430430430424
1740203581118,0.1771512,35.46570570570571
1740503581118,0.17982410000000001,36.00082082082082
1740803581118,0.17290519999999998,34.61565565565565
1741103581118,0.1730941,34.653473473473476
1741403581118,0.17390799999999998,34.81641641641641
1741703581118,0.17363099999999998,34.76096096096096
1742003581118,0.1735101,34.73675675675676
1742303581118,0.18912910000000002,37.86368368368368
1742603581118,0.19744509999999998,39.52854854854855
1742903581118,0.1988791,39.81563563563564
1743203581118,0.19663010000000003,39.365385385385395
1743503581118,0.20271209999999995,40.58300300300299
1743803581118,0.2019261,40.425645645645645
1744103581118,0.20368109999999995,40.77699699699699
1744403581118,0.1975781,39.55517517517518
1744703581118,0.20169499999999999,40.37937937937938
1745003581118,0.1930931,38.657277277277274
1745303581118,0.19214600000000004,38.467667667667676
1745603581118,0.1915981,38.357977977977974
1745903581118,0.1923,38.4984984984985
1746203581118,0.19501609999999997,39.042262262262255
1746503581118,0.203102,40.66106106106106
1746803581118,0.19605209999999995,39.249669669669665
1747103581118,0.189031,37.84404404404405
1747403581118,0.19600009999999998,39.239259259259256
1747703581118,0.18988799999999997,38.01561561561561
1748003581118,0.1911291,38.26408408408408
1748303581118,0.15695800000000004,31.423023023023035
1748603581118,0.1543931,30.90952952952953
1748903581118,0.14840599999999998,29.710910910910908
1749203581118,0.1568061,31.392612612612613
1749503581118,0.15167590000000003,30.36554554554555
1749803581118,0.148172,29.664064064064068
1750103581118,0.15251599999999998,30.53373373373373
1750403581118,0.1533511,30.70092092092092
1750703581118,0.15324000000000002,30.678678678678683
1751003581118,0.14986809999999998,30.00362362362362
1751303581118,0.16333999999999999,32.70070070070069
1751603581118,0.1449751,29.024044044044047
1751903581118,0.15103789999999997,30.237817817817813
1752203581118,0.1442452,28.877917917917916
1752503581118,0.1592501,31.881901901901905
1752803581118,0.15829720000000003,31.691131131131133
1753103581118,0.16011709999999998,32.05547547547547
1753403581118,0.17279400000000003,34.5933933933934
1753703581118,0.181322,36.3007007007007
1754003581118,0.1753191,35.09891891891892
1754303581118,0.1601241,32.05687687687688
1754603581118,0.17030910000000002,34.09591591591592
1754903581118,0.1545831,30.947567567567567
1755203581118,0.1604681,32.125745745745746
1755503581118,0.14274299999999998,28.57717717717717
1755803581118,0.1428103,28.59065065065065
1756103581118,0.1470926,29.447967967967966
1756403581118,0.1571327,31.457997997997992
1756703581118,0.1552047,31.072012012012014
1757003581118,0.1534017,30.71105105105105
1757303581118,0.1480427,29.638178178178176
1757603581118,0.13830879999999998,27.689449449449445
1757903581118,0.1420826,28.444964964964964
1758203581118,0.1363736,27.302022022022026
1758503581118,0.1396436,27.95667667667668
1758803581118,0.14755569999999998,29.540680680680676
1759103581118,0.1363676,27.30082082082082
1759403581118,0.1361588,27.25901901901902
1759703581118,0.1473027,29.490030030030034
1760003581118,0.1527817,30.586926926926928
1760303581118,0.1543116,30.893213213213212
1760603581118,0.1456397,29.1570970970971
1760903581118,0.1348227,26.991531531531532
1761203581118,0.1357946,27.186106106106106
1761503581118,0.1450207,29.03317317317317
1761803581118,0.1371017,27.447787787787785
1762103581118,0.1369627,27.41995995995996
1762403581118,0.1516577,30.361901901901906
1762703581118,0.1507576,30.1817017017017
1763003581118,0.1646727,32.96750750750751
1763303581118,0.1565336,31.338058058058056
1763603581118,0.15645170000000003,31.321661661661665
1763903581118,0.1653306,33.099219219219215
1764203581118,0.1494597,29.921861861861863
1764503581118,0.1425676,28.54206206206206
1764803581118,0.14352969999999998,28.73467467467467
1765103581118,0.1376436,27.556276276276275
1765403581118,0.1373527,27.498038038038036
1765703581118,0.1499346,30.01693693693694
1766003581118,0.1593957,31.911051051051054
1766303581118,0.14863759999999998,29.75727727727727
1766603581118,0.1437617,28.781121121121117
1766903581118,0.1490736,29.844564564564564
1767203581118,0.1591527,31.862402402402406
1767503581118,0.1594625,31.924424424424423
1767803581118,0.1481517,29.659999999999997
1768103581118,0.1436516,28.759079079079076
1768403581118,0.1440065,28.830130130130133
1768703581118,0.1404016,28.10842842842843
1769003581118,0.1383537,27.698438438438437
1769303581118,0.1390977,27.847387387387386
1769603581118,0.1507497,30.18012012012012
1769903581118,0.1474656,29.522642642642644
1770203581118,0.1393727,27.90244244244244
1770503581118,0.17890659999999997,35.81713713713713
1770803581118,0.19618770000000002,39.276816816816826
1771103581118,0.1994166,39.92324324324324
1771403581118,0.2025017,40.54088088088088
1771703581118,0.20415160000000002,40.871191191191194
1772003581118,0.20397070000000003,40.83497497497498
1772303581118,0.2002306,40.08620620620621
1772603581118,0.1386137,27.750490490490492
1772903581118,0.14672259999999998,29.373893893893886
1773203581118,0.1410137,28.23097097097097
1773503581118,0.14295960000000002,28.620540540540546
1773803581118,0.15255470000000002,30.541481481481487
1774103581118,0.1515916,30.348668668668665
1774403581118,0.1404487,28.11785785785786
1774703581118,0.13962360000000001,27.952672672672673
1775003581118,0.1463137,29.29203203203203
1775303581118,0.1626526,32.563083083083086
1775603581118,0.1460557,29.240380380380383
1775903581118,0.1420216,28.432752752752755
1776203581118,0.15039270000000002,30.10864864864865
1776503581118,0.1398916,28.006326326326324
1776803581118,0.1401457,28.057197197197198
1777103581118,0.1408076,28.18970970970971
1777403581118,0.1475117,29.53187187187187
1777703581118,0.1475136,29.53225225225225
1778003581118,0.14265070000000002,28.558698698698702
1778303581118,0.1481944,29.66854854854855
1778603581118,0.1406865,28.165465465465463
1778903581118,0.1498816,30.006326326326327
1779203581118,0.1508597,30.202142142142147
1779503581118,0.1415366,28.335655655655657
1779803581118,0.1390427,27.836376376376375
1780103581118,0.1399446,28.016936936936936
1780403581118,0.1512876,30.28780780780781
1780703581118,0.1563206,31.295415415415416
1781003581118,0.1520127,30.432972972972973
1781303581118,0.1511576,30.26178178178178
1781603581118,0.1523307,30.496636636636637
1781903581118,0.1468036,29.39011011011011
1782203581118,0.1431827,28.6652052052052
1782503581118,0.14911280000000002,29.852412412412416
1782803581118,0.1507027,30.170710710710708
1783103581118,0.1658776,33.20872872872872
1783403581118,0.17633269999999998,35.301841841841835
1783703581118,0.2061656,41.2743943943944
1784003581118,0.1914867,38.33567567567568
1784303581118,0.1986796,39.7756956956957
1784603581118,0.1930536,38.64936936936937
1784903581118,0.19915360000000001,39.870590590590595
1785203581118,0.19202270000000002,38.44298298298299
1785503581118,0.18168459999999997,36.373293293293294
1785803581118,0.1925227,38.54308308308308
1786103581118,0.1864956,37.33645645645646
1786403581118,0.1855947,37.1560960960961
1786703581118,0.1876536,37.56828828828829
1787003581118,0.1930536,38.64936936936937
1787303581118,0.1964346,39.32624624624624
1787603581118,0.19329160000000004,38.697017017017025
1787903581118,0.1916086,38.36008008008008
1788203581118,0.1951747,39.07401401401401
1788503581118,0.19238660000000002,38.51583583583584
1788803581118,0.19728469999999998,39.49643643643643
1789103581118,0.1921046,38.45937937937938
1789403581118,0.1920927,38.456996996997
1789703581118,0.1620776,32.44796796796797
1790003581118,0.1576497,31.561501501501503
1790303581118,0.1576706,31.565685685685686
1790603581118,0.1687416,33.7821021021021
1790903581118,0.15980659000000003,31.993311311311317
1791203581118,0.16027970000000002,32.088028028028035
1791503581118,0.16017350000000002,32.066766766766776
1791803581118,0.17387560000000002,34.809929929929936
1792103581118,0.17766059999999997,35.56768768768768
1792403581118,0.1743437,34.90364364364364
1792703581118,0.1697195,33.97787787787788
1793003581118,0.17740660000000003,35.51683683683684
1793303581118,0.17990260000000002,36.01653653653654
1793603581118,0.1736215,34.75905905905906
1793903581118,0.16815759999999996,33.66518518518517
1794203581118,0.1674836,33.530250250250255
1794503581118,0.1665716,33.347667667667665
1794803581118,0.1716596,34.36628628628628
1795103581118,0.1551584,31.062742742742742
1795403581118,0.1654356,33.12024024024024
1795703581118,0.1502996,30.09001001001001
1796003581118,0.1514906,30.328448448448448
1796303581118,0.1624176,32.516036036036034
1796603581118,0.16304049999999998,32.64074074074074
1796903581118,0.16250159999999997,32.53285285285285
1797203581118,0.1611956,32.27139139139139
1797503581118,0.1614226,32.316836836836835
1797803581118,0.16695059999999998,33.42354354354354
1798103581118,0.1603656,32.105225225225226
1798403581118,0.16052859999999997,32.137857857857846
1798703581118,0.15908060000000002,31.84796796796797
1799003581118,0.1598611,32.004224224224224
1799303581118,0.1548854,31.008088088088087
1799603581118,0.1530834,30.64732732732733
1799903581118,0.1597773,31.987447447447448
1800203581118,0.1563853,31.308368368368367
1800503581118,0.1663721,33.30772772772772
1800803581118,0.165643,33.16176176176177
1801103581118,0.15506010000000003,31.04306306306307
1801403581118,0.157467,31.524924924924925
1801703581118,0.1593437,31.900640640640642
1802003581118,0.16183989999999998,32.400380380380376
1802303581118,0.1612854,32.28936936936937
1802603581118,0.15354669999999998,30.74008008008008
1802903581118,0.15125770000000002,30.281821821821826
1803203581118,0.15131469999999997,30.293233233233224
1803503581118,0.1529697,30.62456456456456
1803803581118,0.1624276,32.518038038038036
1804103581118,0.16642859999999998,33.31903903903903
1804403581118,0.16266949999999997,32.56646646646646
1804703581118,0.15514049999999996,31.05915915915915
1805003581118,0.1764363,35.32258258258258
1805303581118,0.17834289999999997,35.70428428428428
1805603581118,0.1835706,36.75087087087087
1805903581118,0.16715400000000002,33.46426426426427
1806203581118,0.1565011,31.331551551551552
1806503581118,0.1587343,31.77863863863864
1806803581118,0.1770495,35.445345345345345
1807103581118,0.1752765,35.09039039039039
1807403581118,0.16512649999999998,33.058358358358355
1807703581118,0.1605996,32.15207207207207
1808003581118,0.16096249999999998,32.224724724724716
1808303581118,0.2049727,41.03557557557558
1808603581118,0.20911279999999996,41.86442442442442
1808903581118,0.21692809999999996,43.42904904904904
1809203581118,0.21378629999999998,42.800060060060055
1809503581118,0.2311865,46.283583583583585
1809803581118,0.21858819999999995,43.761401401401386
1810103581118,0.2123201,42.50652652652653
1810403581118,0.21296530000000002,42.6356956956957
1810703581118,0.22381109999999999,44.807027027027026
1811003581118,0.22020740000000003,44.085565565565574
1811303581118,0.2222783,44.50016016016016
1811603581118,0.15922540000000002,31.87695695695696
1811903581118,0.1630044,32.63351351351351
1812203581118,0.1605025,32.13263263263263
1812503581118,0.15032440000000002,30.09497497497498
1812803581118,0.1428766,28.603923923923922
1813103581118,0.1435557,28.739879879879883
1813403581118,0.1480247,29.634574574574575
1813703581118,0.1465917,29.347687687687685
1814003581118,0.1530117,30.632972972972972
1814303581118,0.15905149999999998,31.842142142142137
1814603581118,0.15669539999999998,31.37045045045045
1814903581118,0.15900939999999997,31.833713713713706
1815203581118,0.18453630000000001,36.944204204204205
1815503581118,0.1542153,30.873933933933934
1815803581118,0.1512798,30.286246246246247
1816103581118,0.1582097,31.673613613613615
1816403581118,0.16286169999999997,32.60494494494494
1816703581118,0.1613255,32.2973973973974
1817003581118,0.1535216,30.735055055055057
1817303581118,0.14872870000000002,29.775515515515522
1817603581118,0.1573555,31.502602602602604
1817903581118,0.17773440000000001,35.582462462462466
1818203581118,0.1945685,38.95265265265265
1818503581118,0.2155445,43.152052052052056
1818803581118,0.21586049999999998,43.21531531531531
1819103581118,0.2217076,44.38590590590591
1819403581118,0.22279719999999997,44.60404404404404
1819703581118,0.2220464,44.453733733733735
1820003581118,0.23475249999999998,46.99749749749749
1820303581118,0.17435539999999997,34.90598598598598
1820603581118,0.1559912,31.229469469469468
1820903581118,0.1559474,31.220700700700704
1821203581118,0.15014450000000001,30.058958958958964
1821503581118,0.1502425,30.07857857857858
1821803581118,0.1508835,30.206906906906905
1822103581118,0.15117350000000002,30.264964964964967
1822403581118,0.16295649999999998,32.62392392392392
1822703581118,0.1631327,32.65919919919919
1823003581118,0.1600208,32.036196196196194
1823303581118,0.19465459999999996,38.96988988988988
1823603581118,0.19821830000000001,39.683343343343346
1823903581118,0.19574850000000002,39.1888888888889
1824203581118,0.16384959999999996,32.80272272272271
1824503581118,0.17924259999999997,35.8844044044044
1824803581118,0.1786888,35.77353353353354
1825103581118,0.1857377,37.184724724724724
1825403581118,0.19102080000000002,38.242402402402405
1825703581118,0.1633587,32.70444444444444
1826003581118,0.1539447,30.81975975975976
1826303581118,0.1550577,31.04258258258258
1826603581118,0.16315599999999997,32.66386386386386
1826903581118,0.15707509999999997,31.44646646646646
1827203581118,0.1541832,30.867507507507508
1827503581118,0.1835796,36.752672672672674
1827803581118,0.1785447,35.744684684684685
1828103581118,0.1580384,31.63931931931932
1828403581118,0.1592625,31.884384384384383
1828703581118,0.15457929999999998,30.946806806806805
1829003581118,0.16487059999999998,33.00712712712712
1829303581118,0.1622747,32.48742742742743
1829603581118,0.1566446,31.36028028028028
1829903581118,0.15445349999999997,30.921621621621615
1830203581118,0.15361669999999997,30.754094094094086
1830503581118,0.16523649999999998,33.080380380380376
1830803581118,0.16102149999999998,32.23653653653653
1831103581118,0.1567025,31.37187187187187
1831403581118,0.1558795,31.207107107107106
1831703581118,0.16054939999999998,32.14202202202202
1832003581118,0.15131830000000002,30.293953953953956
1832303581118,0.1602225,32.07657657657658
1832603581118,0.16448680000000002,32.930290290290294
1832903581118,0.1727077,34.57611611611611
1833203581118,0.17225370000000004,34.48522522522523
1833503581118,0.16728849999999998,33.49119119119119
1833803581118,0.1600098,32.033993993993995
1834103581118,0.1640337,32.83957957957958
1834403581118,0.1627798,32.58854854854855
1834703581118,0.1616386,32.36008008008008
1835003581118,0.1600307,32.03817817817818
1835303581118,0.16185159999999996,32.402722722722714
1835603581118,0.21703649999999997,43.45075075075074
1835903581118,0.21450740000000001,42.944424424424426
1836203581118,0.15151749999999997,30.33383383383383
1836503581118,0.15134550000000002,30.2993993993994
1836803581118,0.1508835,30.206906906906905
1837103581118,0.1452824,29.08556556556557
1837403581118,0.21279760000000003,42.602122122122125
1837703581118,0.2209704,44.23831831831832
1838003581118,0.2291806,45.882002002002004
1838303581118,0.2236714,44.77905905905906
1838603581118,0.1672366,33.4808008008008
1838903581118,0.16649470000000002,33.33227227227228
1839203581118,0.15499670000000002,31.030370370370374
1839503581118,0.1661015,33.25355355355356
1839803581118,0.1699976,34.03355355355355
1840103581118,0.16532660000000002,33.098418418418426
1840403581118,0.16599270000000002,33.231771771771776
1840703581118,0.16047199999999998,32.12652652652652
1841003581118,0.21689460000000002,43.42234234234235
1841303581118,0.22949950000000002,45.94584584584585
1841603581118,0.1832652,36.68972972972973
1841903581118,0.1770841,35.452272272272275
1842203581118,0.19027029999999998,38.092152152152146
1842503581118,0.1627283,32.578238238238235
1842803581118,0.14751640000000002,29.532812812812814
1843103581118,0.14086490000000002,28.201181181181184
1843403581118,0.14424199999999998,28.877277277277276
1843703581118,0.14776389999999998,29.582362362362357
1844003581118,0.1463449,29.29827827827828
1844303581118,0.1561399,31.25923923923924
1844603581118,0.15998699999999996,32.02942942942942
1844903581118,0.1485869,29.747127127127126
1845203581118,0.15509699999999998,31.050450450450445
1845503581118,0.15402749999999998,30.836336336336334
1845803581118,0.14958259999999998,29.946466466466465
1846103581118,0.1524925,30.529029029029033
1846403581118,0.1457597,29.181121121121116
1846703581118,0.1492616,29.8822022022022
1847003581118,0.1589007,31.811951951951954
1847303581118,0.1466506,29.35947947947948
1847603581118,0.1466544,29.360240240240238
1847903581118,0.1505045,30.131031031031036
1848203581118,0.1591025,31.852352352352355
1848503581118,0.1647554,32.984064064064064
1848803581118,0.1617724,32.38686686686687
1849103581118,0.2016634,40.373053053053056
1849403581118,0.20491009999999998,41.02304304304304
1849703581118,0.1961548,39.27023023023023
1850003581118,0.19786109999999998,39.61183183183183
1850303581118,0.19832870000000002,39.705445445445456
1850603581118,0.1950058,39.0402002002002
1850903581118,0.1901749,38.07305305305305
1851203581118,0.18544580000000002,37.126286286286295
1851503581118,0.1827048,36.57753753753754
1851803581118,0.14775290000000002,29.580160160160162
1852103581118,0.1640955,32.85195195195195
1852403581118,0.14761390000000002,29.552332332332337
1852703581118,0.1475786,29.545265265265265
1853003581118,0.1446848,28.96592592592593
1853303581118,0.1519725,30.42492492492493
1853603581118,0.15466490000000002,30.96394394394395
1853903581118,0.14533770000000001,29.096636636636642
1854203581118,0.1906477,38.16770770770771
1854503581118,0.2035926,40.75927927927928
1854803581118,0.21016020000000002,42.07411411411412
1855103581118,0.2131164,42.66594594594595
1855403581118,0.2090573,41.853313313313315
1855703581118,0.2113126,42.30482482482482
1856003581118,0.20386159999999998,40.81313313313313
1856303581118,0.2101526,42.07259259259259
1856603581118,0.1464636,29.32204204204204
1856903581118,0.1578751,31.60662662662663
1857203581118,0.15842230000000002,31.71617617617618
1857503581118,0.1563249,31.296276276276274
1857803581118,0.1521109,30.452632632632632
1858103581118,0.14621479999999998,29.272232232232227
1858403581118,0.1860869,37.254634634634634
1858703581118,0.2005754,40.15523523523523
1859003581118,0.1313611,26.29851851851852
1859303581118,0.1433801,28.704724724724727
1859603581118,0.1414163,28.31157157157157
1859903581118,0.1306543,26.157017017017015
1860203581118,0.1359625,27.219719719719716
1860503581118,0.13535339999999998,27.097777777777775
1860803581118,0.1287834,25.782462462462462
1861103581118,0.1340363,26.83409409409409
1861403581118,0.13232529999999998,26.491551551551545
1861703581118,0.1435253,28.733793793793794
1862003581118,0.1383634,27.70038038038038
1862303581118,0.19312100000000004,38.66286286286287
1862603581118,0.2192239,43.888668668668664
1862903581118,0.20715009999999998,41.471491491491484
1863203581118,0.19283100000000003,38.60480480480481
1863503581118,0.1736265,34.76006006006006
1863803581118,0.1515438,30.339099099099098
1864103581118,0.1472676,29.483003003003006
1864403581118,0.131932,26.412812812812813
1864703581118,0.13673200000000002,27.37377377377378
1865003581118,0.1293101,25.88790790790791
1865303581118,0.1356601,27.159179179179183
1865603581118,0.1388348,27.79475475475476
1865903581118,0.15291280000000002,30.613173173173173
1866203581118,0.1422339,28.475255255255256
1866503581118,0.1336849,26.763743743743746
1866803581118,0.1339848,26.82378378378378
1867103581118,0.1308638,26.19895895895896
1867403581118,0.1448548,28.99995995995996
1867703581118,0.1298549,25.996976976976978
1868003581118,0.12961109999999998,25.948168168168163
1868303581118,0.129713,25.968568568568568
1868603581118,0.193253,38.68928928928929
1868903581118,0.22736620000000002,45.518758758758764
1869203581118,0.2247343,44.99185185185185
1869503581118,0.2163715,43.317617617617614
1869803581118,0.2247596,44.996916916916916
1870103581118,0.2148115,43.0053053053053
1870403581118,0.2235663,44.75801801801802
1870703581118,0.2296481,45.97559559559559
1871003581118,0.2184834,43.74042042042042
1871303581118,0.21508719999999998,43.060500500500495
1871603581118,0.22377430000000004,44.79965965965967
1871903581118,0.231751,46.3965965965966
1872203581118,0.22590889999999997,45.227007007007
1872503581118,0.22594399999999998,45.23403403403403
1872803581118,0.25433249999999996,50.91741741741741
1873103581118,0.2290497,45.85579579579579
1873403581118,0.2244237,44.92966966966967
1873703581118,0.23705969999999998,47.4593993993994
1874003581118,0.2398987,48.02776776776776
1874303581118,0.2347066,46.988308308308305
1874603581118,0.2250947,45.064004004004005
1874903581118,0.2260378,45.25281281281281
1875203581118,0.22531579999999998,45.10826826826826
1875503581118,0.2253398,45.113073073073075
1875803581118,0.2254909,45.14332332332332
1876103581118,0.22602609999999998,45.25047047047047
1876403581118,0.22708829999999997,45.46312312312312
1876703581118,0.22637219999999997,45.319759759759755
1877003581118,0.2263694,45.319199199199204
1877303581118,0.2266714,45.37965965965966
1877603581118,0.2268673,45.41887887887888
1877903581118,0.21902419999999997,43.84868868868869
1878203581118,0.2188004,43.803883883883884
1878503581118,0.2188304,43.80988988988989
1878803581118,0.2187985,43.80350350350351
1879103581118,0.22275619999999996,44.59583583583583
1879403581118,0.21737420000000002,43.51835835835836
1879703581118,0.21609340000000002,43.26194194194194
1880003581118,0.2160261,43.248468468468474
1880303581118,0.2175583,43.55521521521521
1880603581118,0.2162433,43.29195195195195
1880903581118,0.2173142,43.50634634634635
1881203581118,0.2168852,43.42046046046046
1881503581118,0.22241729999999998,44.527987987987984
1881803581118,0.2311201,46.27029029029029
1882103581118,0.22885809999999998,45.817437437437434
1882403581118,0.24477179999999998,49.00336336336336
1882703581118,0.2407419,48.196576576576575
1883003581118,0.2431919,48.68706706706706
1883303581118,0.2464838,49.346106106106106
1883603581118,0.2360847,47.264204204204205
1883903581118,0.2353548,47.11807807807808
1884203581118,0.23914,47.87587587587587
1884503581118,0.2265642,45.358198198198195
1884803581118,0.238471,47.74194194194194
1885103581118,0.237144,47.47627627627627
1885403581118,0.2358722,47.22166166166166
1885703581118,0.24161659999999996,48.37169169169168
1886003581118,0.24422359999999999,48.89361361361361
1886303581118,0.24465749999999997,48.98048048048047
1886603581118,0.2464815,49.34564564564564
1886903581118,0.2318206,46.41053053053053
1887203581118,0.23560769999999998,47.16870870870871
1887503581118,0.2284091,45.727547547547545
1887803581118,0.2158938,43.22198198198198
1888103581118,0.2240778,44.860420420420425
1888403581118,0.2256387,45.17291291291291
1888703581118,0.2351906,47.085205205205206
1889003581118,0.2251049,45.06604604604604
1889303581118,0.2420306,48.45457457457458
1889603581118,0.240032,48.05445445445445
1889903581118,0.23783730000000003,47.61507507507508
1890203581118,0.2320236,46.45117117117117
1890503581118,0.23119269999999997,46.284824824824824
1890803581118,0.2341547,46.87781781781782
1891103581118,0.23249959999999997,46.54646646646646
1891403581118,0.2778686,55.629349349349354
1891703581118,0.2938704,58.8329129129129
1892003581118,0.29210759999999997,58.48
1892303581118,0.23011369999999998,46.068808808808804
1892603581118,0.23780980000000002,47.60956956956957
1892903581118,0.23688420000000002,47.424264264264266
1893203581118,0.22968529999999998,45.98304304304304
1893503581118,0.22935159999999996,45.91623623623623
1893803581118,0.23063879999999998,46.17393393393393
1894103581118,0.2253776,45.120640640640644
1894403581118,0.2262976,45.30482482482483
1894703581118,0.2267467,45.39473473473473
1895003581118,0.22754169999999999,45.55389389389389
1895303581118,0.22519569999999997,45.084224224224215
1895603581118,0.22662659999999998,45.37069069069069
1895903581118,0.2262597,45.29723723723723
1896203581118,0.22658569999999997,45.3625025025025
1896503581118,0.2471909,49.487667667667665
1896803581118,0.2254938,45.143903903903905
1897103581118,0.2346219,46.971351351351345
1897403581118,0.23609660000000002,47.26658658658659
1897703581118,0.2362104,47.28936936936937
1898003581118,0.30582339999999997,61.2259059059059
1898303581118,0.2996334,59.986666666666665
1898603581118,0.298866,59.83303303303303
1898903581118,0.2366418,47.37573573573574
1899203581118,0.2372821,47.50392392392392
1899503581118,0.2404469,48.137517517517516
1899803581118,0.1782936,35.69441441441442
1900103581118,0.18634449999999997,37.3062062062062
1900403581118,0.22568869999999996,45.18292292292291
1900703581118,0.2386005,47.76786786786787
1901003581118,0.24058369999999996,48.1649049049049
1901303581118,0.1763426,35.30382382382382
1901603581118,0.17619539999999997,35.27435435435435
1901903581118,0.23197049999999997,46.44054054054054
1902203581118,0.2356445,47.17607607607608
1902503581118,0.2217655,44.3974974974975
1902803581118,0.2287265,45.79109109109109
1903103581118,0.25968589999999997,51.98916916916916
1903403581118,0.24099449999999994,48.24714714714713
1903703581118,0.2569444,51.44032032032032
1904003581118,0.23121139999999996,46.288568568568564
1904303581118,0.25496910000000006,51.04486486486488
1904603581118,0.2366776,47.3829029029029
1904903581118,0.2660797,53.2692092092092
1905203581118,0.2450308,49.05521521521521
1905503581118,0.25921299999999997,51.894494494494495
1905803581118,0.23460839999999997,46.96864864864864
1906103581118,0.2680195,53.65755755755757
1906403581118,0.24069639999999998,48.187467467467464
1906703581118,0.24960449999999995,49.97087087087086
1907003581118,0.24476459999999997,49.00192192192191
1907303581118,0.26008539999999997,52.06914914914914
1907603581118,0.2526585,50.582282282282286
1907903581118,0.2373251,47.51253253253254
1908203581118,0.2743312,54.92116116116116
1908503581118,0.2373483,47.517177177177174
1908803581118,0.27139129999999995,54.332592592592576
1909103581118,0.23894319999999997,47.83647647647647
1909403581118,0.24935059999999998,49.920040040040035
1909703581118,0.2362926,47.30582582582583
1910003581118,0.2959934000000001,59.25793793793795
1910303581118,0.23969249999999998,47.98648648648648
1910603581118,0.26800589999999996,53.65483483483483
1910903581118,0.2656836,53.189909909909915
1911203581118,0.26878690000000005,53.8111911911912
1911503581118,0.2632052,52.69373373373373
1911803581118,0.2521257,50.475615615615624
1912103581118,0.24896869999999996,49.84358358358357
1912403581118,0.2991416,59.888208208208205
1912703581118,0.2993289,59.92570570570571
1913003581118,0.3158833,63.239899899899896
1913303581118,0.2970882000000001,59.47711711711713
1913603581118,0.3233772,64.74018018018018
1913903581118,0.23878409999999997,47.80462462462462
1914203581118,0.2908387,58.22596596596596
1914503581118,0.30304770000000003,60.670210210210215
1914803581118,0.33117989999999997,66.30228228228228
1915103581118,0.353456,70.76196196196196
1915403581118,0.3515654,70.38346346346346
1915703581118,0.3550863,71.08834834834835
1916003581118,0.350984,70.26706706706707
1916303581118,0.35944610000000005,71.96118118118119
1916603581118,0.363571,72.78698698698697
1916903581118,0.35317209999999993,70.70512512512511
1917203581118,0.3670895,73.49139139139139
1917503581118,0.23591689999999996,47.230610610610604
1917803581118,0.26152990000000004,52.35833833833835
1918103581118,0.24414490000000003,48.87785785785786
1918403581118,0.25501080000000004,51.05321321321322
1918703581118,0.25533,51.11711711711712
1919003581118,0.23773930000000001,47.59545545545546
1919303581118,0.2497922,50.00844844844845
1919603581118,0.32625859999999995,65.31703703703703
1919903581118,0.22392949999999998,44.83073073073073
1920203581118,0.27677430000000003,55.41027027027028
